0.813847577293368
1.545898384862245
1.545898384862245
1.545898384862245
2.277949192431122
2.277949192431122
2.277949192431122
2.545898384862245
2.545898384862245
2.545898384862245
3.009999999999999
3.277949192431122
3.277949192431122
3.277949192431122
3.277949192431122
3.277949192431122
3.277949192431122
3.545898384862245
3.545898384862245
3.545898384862245
4.009999999999999
4.009999999999999
4.009999999999999
4.277949192431121
4.277949192431121
4.277949192431121
4.277949192431121
4.277949192431121
4.277949192431121
4.277949192431121
4.277949192431122
4.277949192431122
4.277949192431122
4.277949192431122
4.277949192431122
5.009999999999998
5.009999999999998
5.009999999999999
5.009999999999999
5.009999999999999
5.009999999999999
5.009999999999999
5.009999999999999
5.009999999999999
5.009999999999999
5.009999999999999
5.009999999999999
5.277949192431121
5.277949192431121
5.277949192431121
5.277949192431121
5.277949192431121
5.277949192431121
5.742050807568877
5.742050807568877
5.742050807568877
6.009999999999998
6.009999999999998
6.009999999999998
6.009999999999998
6.009999999999998
6.009999999999999
6.009999999999999
6.009999999999999
6.009999999999999
6.009999999999999
6.009999999999999
6.009999999999999
6.009999999999999
6.277949192431121
6.277949192431121
6.277949192431121
6.742050807568876
6.742050807568876
6.742050807568877
6.742050807568877
6.742050807568877
6.742050807568877
7.009999999999998
7.009999999999998
7.009999999999998
7.009999999999998
7.009999999999998
7.009999999999999
7.009999999999999
7.009999999999999
7.009999999999999
7.009999999999999
7.009999999999999
7.009999999999999
7.742050807568876
7.742050807568876
7.742050807568876
7.742050807568876
7.742050807568877
7.742050807568877
7.742050807568877
7.742050807568877
7.742050807568877
7.742050807568877
7.742050807568877
7.742050807568877
8.009999999999998
8.009999999999998
8.009999999999998
8.474101615137753
8.474101615137753
8.474101615137753
8.742050807568875
8.742050807568875
8.742050807568877
8.742050807568877
8.742050807568877
8.742050807568877
9.009999999999998
9.474101615137753
9.474101615137753
9.474101615137753
9.742050807568875
9.742050807568877
9.742050807568877
10.47410161513775
10.47410161513775
10.47410161513775
11.20615242270663
